92998610
92998610
30537973
49217579
93020401
92998610
99645428
41158734
11738489
48355999
82489470
57246528
88197162
47247413
29948294
79544790
93749093
14386013
64161630
487395
94770493
36088082
3918345
58066722
44852429
2957055
16958382
83094004
80476891
92729410
66073051
81191584
39256679
9028399
31550470
39276790
74137509
75081613
14470845
19190082
63251695
65240384
30243636
36687247
97904474
4266839
59771339
52628687
88240808
84080939
28373620
59385322
22587018
62543393
40542825
80769747
35871958
58058134
62034800
69757518
9617996
18096222
94454495
21744288
80141055
48659020
88089103
58577036
74741494
24037702
52824910
37261776
22007085
45141844
91078716
99284890
18482591
2137678
77910045
15610297
91711547
9715126
93368494
95956346
97204936
92067220
35037880
95096437
40227329
2584136
56413937
74010769
63633694
69122763
66425726
37542782
18246479
77840540
92661479
97688360
59983499
98427577
57043117
57046845
7634581
15792576
24673894
39978267
25524823
82099401
46877100
2102065
2834264
14087893
3134241
62753201
44088292
64400161
38491199
38943357
73860462
49681811
96316857
77007920
38395123
56921677
69319869
3682106
96345188
19089195
35488287
13650422
80600490
35262428
50263751
56647086
98891840
54527349
52913738
42647539
20003027
51790181
56460688
49370026
25652655
89943723
33245030
39357122
59281922
61049315
59593925
76990617
46384403
31472884
32065885
37991342
36776089
67169062
55784832
97926515
15893860
43889633
23681456
2311603
37265642
9910360
32933942
66022706
88753594
32754886
15419596
42309337
45836982
85528209
17045014
86209650
65472618
51085303
27288416
16678947
2411269
21903613
76871889
26329679
49267971
75402014
22866836
96592102
46565218
35699
32344688
19974580
92650018
63035430
51858200
6150044
11102908
93087299
96427353
44362883
8529136
8384771
75560629
5554990
38007744
16279989
58062306
29904964
41201555
14677495
56673112
61538782
63014935
66733743
19312169
1525329
17427333
11830996
28124263
71279983
60930169
74095602
53417695
18175965
41348446
9464441
32787239
65398390
6568731
23626223
16886617
91182675
83887306
16178681
38203732
88307361
55727845
45725480
75833426
