44256816
92039899
59969392
8078366
37970940
92729410
97677329
61181383
76589815
32750341
36916401
15471265
33698022
69217334
93751476
30338466
66727115
23857661
59251766
10860121
11958188
80555062
75840616
73289035
27189308
78358521
78358521
70219023
48092532
82112775
59784896
1639384
57996334
25988873
13532663
46984349
74364659
37955049
917796
38053381
61318483
24101897
37055344
98792570
77799846
64379261
57270476
40937767
75292259
61831093
90290572
82260502
13140300
80208323
72992744
36021814
21908319
24384095
3560069
45871897
91350799
91953000
41867019
67489919
20368763
20368763
75180828
282886
58392024
45159319
45159319
23689697
23689697
3810071
59627393
88177324
39972129
76067258
12744567
85121942
44509898
19844995
1118137
11678191
35842855
52159691
31785398
38199696
74163487
61466310
25788011
95515060
4474060
24793135
1295111
25955164
60627999
83054225
12152769
24062258
1372887
59237154
16725505
38275183
41517789
15458892
15458892
63102017
45496268
8091563
71880877
75923050
58272005
36046926
90122655
32269855
54706054
90432163
18720257
41685633
52971673
76806714
83887306
11637481
70546737
88093706
25274141
62188962
22900598
60728397
904185
39774685
1005587
76459806
1571945
59297550
57116033
36304921
2602411
89320376
76683171
37744402
86062400
78610936
57511992
55262310
92998610
